x<-1
y<-2
z<-1:20

x
y
z


